26 188 88 124 236 247 244 212 53 148 73 5 238 157 
215 156 237 163 192 87 186 231 177 123 195 125 30 
167 211 80 221 57 53 179 198 246 125 199 218 21 21
2 115 237 152 110 187 8 212 54 79 163 77 243 82 19
0 87 89 210 14 125 179 13 225 143 221 53 217 60 51
 199 209 246 66 158 142 54 198 81 187 253 6 62 166
 239 18 10 141 52 167 134 120 227 123 62 227 217 2
43 237 152 111 12 80 244 164 233 47 127 170 114 15
7 159 113 227 146 191 25 215 9 229 120 176 247 157
 103 127 160 199 14 207 184 248 125 177 104 226 61
 3 137 215 15 13 43 138 89 227 237 28 111 103 220 
121 74 78 146 247 190 30 229 234 167 62 25 227 227
 82 241 244 13 170 248 159 163 175 28 253 97 178 2
31 202 248 99 208 79 123 148 142 26 253 47 166 167
 196 166 255 99 76 113 31 6 247 248 6 221 199 13 1
63 208 194 230 187 198 40 97 115 95 107 167 28 42 
190 87 89 210 14 125 179 13 198 67 108 11 29 218 8
3 136 33 141 125 174 157 238 129 229 117 157 32 23
1 127 177 245 1 120 99 247 26 225 199 56 202 172 1
74 60 53 246 148 247 157 102 207 99 237 116 249 52
 149 201 88 224 188 71 51 163 196 130 167 128 229 
92 123 158 210 47 1 211 106 238 157 199 127 25 177
 94 199 218 233 245 206 227 103 177 236 249 239 22
7 97 207 77 171 140 232 247 190 30 85 13 96 231 20
2 247 251 140 175 149 237 41 244 98 145 191 208 10
5 79 27 14 125 174 159 64 85 58 65 207 128 239 233
 216 84 217 246 180 232 221 143 209 235 89 57 242 
189 250 9 239 126 59 233 170 151 211 87 5 237 41 1
99 125 53 111 246 9 204 232 241 32 169 237 53 61 1
28 53 28 253 169 240 30 26 83 211 176 169 238 185 
246 154 159 160 44 74 236 27 37 240 233 181 52 222
 78 124 53 67 108 91 195 74 120 216 115 224 59 74 
113 238 1 148 138 151 22 255 71 143 18 34 150 123 
30 247 64 234 78 78 122 109 77 55 34 43 7 60 44 44
 49 43 224 58 109 77 33 88 237 41 199 169 120 105 
92 119 140 80 194 230 190 215 69 162 143 108 222 2
42 184 248 15 140 238 63 106 120 41 233 43 141 207
 16 8 172 112 215 218 83 232 211 124 176 6 124 7 1
34 148 249 47 155 225 243 40 93 14 254 54 61 174 1
57 66 62 203 178 108 247 240 31 92 174 123 72 189 
55 124 37 113 238 185 245 125 37 113 239 80 217 11
5 218 83 142 250 106 193 235 155 62 210 245 149 19
9 180 167 17 204 233 42 108 59 190 74 241 223 77 8
4 190 154 187 174 126 106 248 227 43 143 105 79 14
 186 184 107 225 97 97 137 94 57 105 92 246 145 12
1 94 210 158 243 17 115 237 124 65 119 250 61 239 
195 95 217 61 172 31 82 155 125 12 46 107 196 245 
220 110 115 222 59 74 122 118 169 244 96 97 229 12
0 230 87 30 247 157 199 186 231 195 30 84 215 28 6
0 199 197 247 30 210 45 254 134 23 53 162 78 32 23
 13 112 87 193 116 57 237 34 227 225 224 222 242 1
84 246 145 120 103 142 199 136 55 28 244 15 173 21
0 58 49 234 78 78 124 7 205 74 39 105 23 149 245 5
7 223 232 51 199 181 240 179 237 98 189 24 250 73 
169 207 134 168 109 139 120 99 237 149 200 91 224 
62 140 116 213 193 123 72 189 55 124 37 113 242 19
0 24 252 30 185 179 209 143 208 54 190 125 137 180
 233 170 248 116 164 35 180 139 120 197 6 148 249 
169 124 156 252 202 23 67 206 226 177 179 222 248 
123 66 167 228 45 94 119 21 240 199 222 117 20 225
 175 191 188 196 92 252 224 174 32 247 157 71 208 
194 230 187 248 200 252 106 109 246 38 211 7 205 2
39 221 115 103 236 186 194 177 178 188 27 225 103 
160 124 206 123 74 113 144 219 2 195 149 214 116 1
31 158 32 134 53 223 198 108 87 204 113 206 142 35
 222 154 94 165 99 195 60 118 62 215 69 162 143 13
6 74 227 224 58 109 93 211 184 217 244 48 185 173 
18 113 0 188 61 245 28 248 14 210 46 227 134 209 2
42 94 27 127 163 88 253 0 90 194 176 115 218 69 19
9 195 193 189 229 113 244 48 185 175 134 120 232 1
99 218 233 243 132 174 62 0 44 247 92 248 103 142 
140 125 161 181 243 199 62 217 134 237 34 232 0 19
0 87 177 125 197 119 140 81 254 179 111 203 224 15
6 115 172 42 123 74 124 151 134 179 232 97 115 94 
57 211 80 41 207 17 225 184 215 192 118 148 236 9 
76 195 223 142 115 221 115 237 105 74 77 78 108 25
1 20 111 20 226 209 243 39 160 2 239 227 104 133 2
12 35 166 143 83 157 252 102 197 120 223 153 54 12
5 55 46 135 230 165 19 136 249 95 83 157 254 193 1
 122 106 2 148 57 232 198 137 62 128 41 92 124 7 9
8 251 138 217 240 1 191 141 162 189 248 231 211 11
9 194 87 31 107 21 232 199 226 97 60 49 169 179 22
1 115 198 251 93 99 192 113 62 163 211 106 158 140
 126 142 191 92 174 120 142 251 20 96 